id_autor,id_enfermedad,year
1,a,2020
2,a,2020
3,a,2020
4,c,2019
5,c,2019
7,e,2018
7,e,2020
7,e,2019
4,b,2018
6,d,2019
6,d,2020
1,e,2018
1,f,2019
2,c,2018
2,f,2019
3,c,2018
3,e,2020
